# Score Result
| ID | length | state | recall | prec | matched_brackets | gold_brackets | test_brackets | cross_brackets | words | correct_tags | tag_accracy |
|---:|-------:|------:|-------:|-----:|-----------------:|--------------:|--------------:|---------------:|------:|-------------:|------------:|
|   0|      10|      0|    0.62|  0.83|                 5|              8|              6|               1|     10|             9|         0.90|
|   1|      10|      0|    0.56|  0.83|                 5|              9|              6|               0|     10|            10|         1.00|
|   2|      11|      0|    0.60|  0.75|                 6|             10|              8|               0|     11|            10|         0.91|
|   3|      10|      0|    0.45|  0.83|                 5|             11|              6|               0|     10|             9|         0.90|
|   4|      15|      0|    0.67|  0.62|                10|             15|             16|               0|     15|            14|         0.93|
|   5|      16|      0|    0.63|  0.75|                12|             19|             16|               1|     16|            15|         0.94|
|   6|      21|      0|    0.54|  0.78|                14|             26|             18|               0|     21|            17|         0.81|
|   7|      27|      0|    0.59|  0.87|                20|             34|             23|               0|     27|            24|         0.89|
|   8|      53|      0|    0.42|  0.59|                22|             52|             37|               5|     53|            49|         0.92|
|   9|      18|      0|    0.39|  0.78|                 7|             18|              9|               2|     18|            17|         0.94|
|  10|      40|      0|    0.44|  0.57|                16|             36|             28|               4|     40|            37|         0.93|

=================================================================================================================================================
Number of sentence:	11.00
Number of Error sentence:	0.00
Number of Skip  sentence:	0.00
Number of Valid sentence:	11.00
Bracketing Recall:	51.26
Bracketing Precision:	70.52
Bracketing FMeasure:	59.37
Complete match:	0.00
Average crossing:	1.18
No crossing:	54.55
Tagging accuracy:	91.34