# Score Result
| ID | length | state | recall | prec | matched_brackets | gold_brackets | test_brackets | cross_brackets | words | correct_tags | tag_accracy |
|---:|-------:|------:|-------:|-----:|-----------------:|--------------:|--------------:|---------------:|------:|-------------:|------------:|
|   0|      10|      0|    0.62|  0.83|                 5|              8|              6|               1|     10|             8|         0.80|
|   1|      10|      0|    0.56|  0.83|                 5|              9|              6|               0|     10|             9|         0.90|
|   2|      11|      0|    0.60|  0.75|                 6|             10|              8|               0|     11|             7|         0.64|
|   3|      10|      0|    0.45|  0.83|                 5|             11|              6|               0|     10|             9|         0.90|
|   4|      15|      0|    0.67|  0.62|                10|             15|             16|               0|     15|            14|         0.93|
|   5|      16|      0|    0.63|  0.75|                12|             19|             16|               1|     16|            15|         0.94|
|   6|      21|      0|    0.54|  0.78|                14|             26|             18|               0|     21|            15|         0.71|
|   7|      27|      0|    0.59|  0.83|                20|             34|             24|               0|     27|            24|         0.89|
|   8|      53|      0|    0.44|  0.62|                23|             52|             37|               4|     53|            38|         0.72|
|   9|      18|      0|    0.39|  0.70|                 7|             18|             10|               2|     18|            17|         0.94|
|  10|      40|      0|    0.28|  0.37|                10|             36|             27|              10|     40|            33|         0.82|

=================================================================================================================================================
Number of sentence:	11.00
Number of Error sentence:	0.00
Number of Skip  sentence:	0.00
Number of Valid sentence:	11.00
Bracketing Recall:	49.16
Bracketing Precision:	67.24
Bracketing FMeasure:	56.80
Complete match:	0.00
Average crossing:	1.64
No crossing:	54.55
Tagging accuracy:	81.82