[2, 4, 2, 7, 4, 7, 0, 9, 7, 7]
[3, 3, 4, 0, 4, 4, 9, 9, 6, 4]
[3, 1, 4, 5, 0, 5, 5, 5, 10, 8, 5]
[5, 1, 1, 5, 0, 5, 5, 9, 7, 5]
[2, 14, 4, 2, 4, 7, 2, 10, 10, 7, 12, 10, 14, 0, 14]
[6, 6, 4, 6, 4, 0, 9, 9, 6, 9, 10, 13, 9, 9, 14, 6]
[2, 10, 8, 8, 8, 8, 8, 2, 8, 0, 10, 10, 10, 13, 16, 14, 16, 16, 20, 18, 10]
[12, 1, 2, 3, 2, 8, 8, 9, 5, 12, 12, 0, 12, 12, 18, 18, 18, 12, 25, 25, 25, 25, 25, 25, 18, 25, 12]
[3, 3, 0, 5, 3, 5, 11, 7, 7, 11, 6, 5, 5, 13, 16, 14, 16, 16, 16, 14, 14, 23, 21, 23, 23, 23, 14, 29, 14, 33, 33, 33, 29, 33, 33, 14, 14, 41, 41, 41, 14, 41, 45, 45, 41, 45, 46, 46, 46, 45, 41, 51, 3]
[4, 4, 4, 6, 6, 0, 6, 13, 13, 12, 12, 13, 7, 13, 17, 17, 14, 6]
[9, 1, 5, 5, 9, 5, 8, 5, 0, 12, 12, 9, 12, 13, 14, 18, 18, 15, 18, 21, 19, 28, 28, 28, 28, 28, 12, 28, 29, 28, 33, 28, 33, 34, 28, 28, 28, 28, 28, 9]
